 0
00  1   00
0   1  1
   11111
 11   1
   1 1
   1   11
  1 1111 0
00  1 1
00     000

  1    11
0   111  1
   1   111
00   11
0     1 1
     1   1
0 0 0 1111
00 0 0
00 000 0
0 00 0   0

 0
00   1
00 1  1
0    11 00
0   11
   1
0  1
0    11  0
 0  11  00
00     0 0

 0      00
 0   1 00
 0      0
   1111 0
0  1     0
      1
0       0
    11   0
 00 11 000
0 0     00

 0     11
0  0 11  1
  0    111
00 00    1
     1 1
    1   11
 0 0 11111
0 0 0   11
 000 0 1 1
0 0    111

 0
00  1   00
0     1
 1     11
 1 00 0 1
     0
    0  1
       1
   11 1  0
000    000

 0     11
 0   111
 0   1
0000 1 11
   0
0 0
0    11 1
 000 1111
 0 0   11
 000  11

 0      00
 0   11 0
 0   1
000 11  00
    1
0 0
0    11  0
 00 111 00
 0  1   00
 00 1 1 0

 1       0
1  0   1 0
1   0    0
    0 11 0
1  00
1      1
    0 1  0
 1 00 11 0
1  0  1

 0     11
 0   111
 0   1
0 1111  00
    1
   1 1
1    00  1
 1 0000 11
  0 0   11
  000  11

 0
0  1   0
   1  00
     0
1       11
1  00   1
  0
 0
0   1
    1

111  1  00
011  1 1
0  1    0
00    10 0
0 0  1 0
0  0 1   0
000    000
  0 11 1 0
00   1 1 0
00       1

1     1
  111  11
1 1 00 0
 100   0011
        0
 10   0 01
 10      1
  0   0  11
       01
  1 11 111
1   1  1

 00 0  00
0  0  0
  0000 1 1
0   0
0 0      1
   0 1 1 1
00000 1 1
0  00  111
 00 00   1
   00000

10
01

1111111111
1111111111
1111111111
1111111111
1111111111
1111111111
1111111111
1111111111
1111111111
0000000000

